1111010110111010101101001110100101010011000010111000110011101101010101100011001001000010101100100011
0110001101101111110101011000101010101000101101001010111100010000100001110101011111000010101101010110
1110110010011111000000010111111110001011110111000011101110001000111101111110100111110101110000111100
0000100100100001110110100000110001011101010100101001100010000101101110100011111100000010010100111101
0011101111001010100110101000010000001011011001101000001101110100111000111010110010100111000011110101
1010001000000111101001101111010101000110011101101000100100111000010100001001100100001100000110100010
0000110101010110011000110011001000010000111000111101110001101000100100001100000100101111101110111011
1000110010100100001001111111101100001100110111001010010010110110100110011111100001111001111101011100
0111100011111101001011010100111100011110110101000000100011000011001000111001011110000001110000001011
0111101110010011111011000111000000100011100100110010100001101101011011100100100111010010100001111011
1001001101101101110101101101010100001000010111101011000111110001110111110101010000111100111001110011
1011000010001111111100110001010110000000101001100011110001011110111100110001101000011101011110001011
1010001100101101100110000100000110110000010001110001001000111101101111001000110011011011011001100011
0100111000101000001111111001101110000110010110100000011101100001000000111000101100001000001100000011
0011000010111000111001111011001001101100000011010000010001001001100011100101111000100010011010011001
0001010100010100101100001100100010110010000001010000011111011010001111111010100101111001110000011101
0100001010110011110111110010111111100101101110001101100001100111001011011100000001000010011111101111
1001011011001001001101111010101010010110001001111110000101101001101101111110111011101110001000001010
0100000001000101111011000111110011001010000110010101011110101100001001101100101110000010110110101101
1001100110001000010110100010100001000000111100011001000110110100111111111001001011011001010111111100
1000000011111001110011111101001101011111001100011100010111101100011100101011111000010001011000101001
0110010001111101101100000010001010101110101010001101001000011100000100101011100000011111011101001101
0000011101010100110001000111001000101011001110110111110110010101010111110000101011111000110100101010
1110001101001011110011010011010101000101001001100110010101010110001100100100000100001111101010111101
0000110000101000001000111010001100110110010011100110111001111100100011111011010010101011100011110111
1101101101000100100000000000110110111010001110111101001001000100100111101011111111111001011101110101
1101100110111100111000110001000011101110100110010010111010011110100110101000100101011011000100010000
0011000101011000011000101010000001101101010111101111000011110101110110101001111001001111110010010100
1111010110000000110111000011010011110101111111001000111001101100100010001111000000001010011000100001
1001010000010010111001010001110011000101001010110010001101101101010100101111011111111000011111111001
1000100110110010101011011011010010010110000100001110101110101001000010001100100000111100011010010001
0111000110001111000011101101001111000110101101001100110000100001101000100100110011001101000100011100
0100110100110011110010101100111010001000011011100010111000010101000000001001010100110011111001001010
0101100000100100010110000010110010010000100100100001011001100010110110011001010101100111101100101001
0001110100000100010110101110100011001011100100100101001000111010110110110101101111101001010010100011
1010101011010000011001011100000011010110010001011111111011011100100100110011010011001110101110001010
0011000110001000111010011001001001010110011000000110011000001100000111100101100000010011110001110011
1100000001001100001110001110000001011011000011111100111011000110100010001000001011101010010110010010
1010010010111110110110111001000111000001001100111100010101110000100101011101111001010000000011010000
0011101000110101111010110110000011000101101011101010011010011001001101100001011111011001111111000001
1110111001101001100011111001101111000010110000001100000010100001101111010101011100010011110010111111
1001110001010000000100111101111000100001110111000101100110010011011000000011110110001010101101010010
0010001001110110010101011001001010000000111001110011111010101010100101010100111000010111100111000100
0001111110111000010011110111100000010001011101000010001111011000000001100011010011011101001001100111
0100111011110111010100100100101101010111011001111011111001100001101011000111011110101111111010010010
0100110100110010001100010010011010100001101100011101010001100110010111010101010001000010100101011101
0111001010011110111111111000111100001111010110001101100101101000000001000001110111011111101100000111
0011011001100101111010011111010000110110111110000010100000011000111110011110000111001010001001111001
0100110011011011011010111011101001001000111010110011000110001110001101110010101111101010110000101100
0001010000110100000111011000100110000100011100001001011100011010001110100001000110011101000001100001
0111111100100011010111011010111000110000001011101000101110101010010011111001111111110001100110001001
0100101100010100101100101010110000011110100101110011010101000100001010011011111100010100110110001001
1011111110111110011111011011010101101110010000111101001101101111110011100010100101111011011000011110
0001100100011001001000001011000100000110111110111011111111011111100100011100101101010110010101100110
1001001010000111010001100111101011001011110111001101000101110100101100111111101000100101001101000011
0010110101111001101110111001011010111100110000110111010011010111011101101101111100101000111111110000
0101011100111000100010011011000000100100010101011111101010001100110000000010000111001100010011011000
1100100001101110001101011011011001000010101001001111011001000100010010011111011100010011100100010100
1101010110111000001111110100000100010110000111010110101011001101111110111110000101111100011010011101
1111110100011110011100110010011000101000011010001100010000010001100001011001110011100011100100111111
0000011000000000111110101100100101010101100010000100000111011111111000100111100100010001100101101101
1001110001011011010100111101000001100111000011001000101000110110011100111100010111100110010011001000
1011110100110100100000100101001110001111110100000000011110000111001010101101001000100111100000110010
0011000010111000000011010001011110011000011010010000111111100011110110011111010101010110011001010100
1010101110010010100101011100001000111110111000000000001010000111110001001111000010001110100100111100
0000000101111011000100101100111001001010101011100001000010101001010011011111010000010110101110111011
0011100010010001111010011001101010010001010010000111010011110011111100011110101100101001110001101111
0010111001010001100010100001001000101001101111110111111010110000010011010011100100101101110001001011
1111001101111000001000101011100100011110111010101000000011000100001001000010100000011100011111010110
1001100100101111000111110101110110101100000101001011000000001111110101011100001101100110011111111011
1010000111011000011111110100010101010011010110001011100010101001010011110101001001011011110000100110
1111011000010000000111001001101010110010001000110111000011001110101000100100000110111011000111000011
0011010010000111111001011010100011001111011111000110100111011000100111100111011001101101111101001010
0101100100110101110111000010100100001000111011010101111000001000010001000001000010101110100101100111
0011101010110001101101101000111110100110100001100111100011100100001011000100000000111110101110100100
0000100110011000010100001010011000110100011011101010011100110110110010101001010110000000101101110010
0100110110111101100001101100000111001101011000100111000011101110000101000010000101101011010110000011
1010010110111010111111000001110100100010100000110111010001010011101000001101110101110111100111110100
1010110000001011010100110000100111010111000110001110100101100010010110011010001111110110000011111011
1010011111000011101110001000000010000111011000100101100100011111001001011000000111000100011100101001
1011001101101001011011001011101100000000011101010010100000101000101011010110100010001111010000000110
0100011110110010011000011110011111100010100110110000011111010001001011110111111100010111110010111000
0100111111010110011000110000011101001100100011110011100011101110010011111101000011111111001111100010
1001100000001111100011100101011010011101000110100101101110001110001101001100111111110010100110010111
0101001000101001001100010101100011100100100001110100001011000011101110011001010111100111101111111011
0001100110110111011011100011010100000110111100100110100101111000110010010110001100011101101000000011
0100000101100101000001011011001110010000111000101000011111111110110111010001011110011110100101001110
0110101011001001110111011011111111101010101011011100110010110111100000011111000100111101011001111101
0010000111000110000101110011001001111011001111010011110111010000111100000101110011000110011110001101
0111000001110110110011101110000011001011111101010011001011010010101000010001010100010001100001001101
0011000010011111000010011110101000110100001100110111011100001110000001000101111100000001000100000111
1110100101011001001000101000011101101011101000101101001010000000101010111011110111000010011001111100
0100111111101001110101101111101111100011001011110101011001110001001101100101011100100001001000111010
0011111001011000001110011010001010100111111101001000101101101010000111100011100110001000011110100101
0111100101011011101011000001001101000001110000010011000100001110111001000000111010101011010110010001
1101001101001100010100001100111111001000001001000111110000110000001111011001000110010110101111111001
1100111101000110001011111010100100001010011011110100111111010010010000000111110010010011101100011011
1011110000001011100010011110100110110010100011011101000111110011110100101000001011000111000101000011
1110101011011111100000010101010100000000100100111010101001000000000100100001010010010011101100000011
1101111111110001000111001011100000101011000000000111000010111101000111010011001011100100110000001011
